# This file was generated by Animated Java via MC-Build. It is not recommended to edit this file directly.
$data merge entity $(bone_right_arm) {transformation: [-0.9252f,-0.3754f,-0.056f,-0.3125f,0.3769f,-0.8911f,-0.2527f,1.5f,0.0449f,-0.2549f,0.9659f,0.1875f,0f,0f,0f,1f],start_interpolation: 0,interpolation_duration: 1}
$data merge entity $(bone_left_arm) {transformation: [-0.9074f,0.4186f,0.0376f,0.3125f,-0.4166f,-0.8838f,-0.2132f,1.5075f,-0.056f,-0.2091f,0.9763f,0.25f,0f,0f,0f,1f],start_interpolation: 0,interpolation_duration: 1}
$data merge entity $(bone_right_leg) {transformation: [-1f,0f,0f,-0.1187f,0f,0.9848f,-0.1736f,0.75f,0f,-0.1736f,-0.9848f,0.0625f,0f,0f,0f,1f],start_interpolation: 0,interpolation_duration: 1}
$data merge entity $(bone_left_leg) {transformation: [-1f,0f,0f,0.1188f,0f,0.9763f,0.2164f,0.75f,0f,0.2164f,-0.9763f,-0.0625f,0f,0f,0f,1f],start_interpolation: 0,interpolation_duration: 1}
$data merge entity $(bone_outline1) {transformation: [0f,0f,-1.9784f,0.0093f,0.1126f,1.9752f,0f,1.7412f,1.9752f,-0.1126f,0f,0.3539f,0f,0f,0f,1f],start_interpolation: 0,interpolation_duration: 1}
$data merge entity $(bone_lightcone) {transformation: [0f,0f,0f,0.1968f,0f,0f,0f,6.0126f,0f,0f,0f,0.1374f,0f,0f,0f,1f],start_interpolation: 0,interpolation_duration: 1}
$data merge entity $(bone_blade1) {transformation: [0f,0f,-1.9534f,0.0718f,0.1111f,1.9503f,0f,1.8624f,1.9503f,-0.1111f,0f,0.2844f,0f,0f,0f,1f],start_interpolation: 0,interpolation_duration: 1}