# This file was generated by Animated Java via MC-Build. It is not recommended to edit this file directly.
$data merge entity $(bone_head) {transformation: [-1f,0f,0f,0f,0f,1f,0f,1.2857f,0f,0f,-1f,0f,0f,0f,0f,1f],start_interpolation: 0,interpolation_duration: 1}
$data merge entity $(bone_body) {transformation: [-1f,0f,0f,0f,0f,0.9888f,0.149f,1.3125f,0f,0.149f,-0.9888f,0f,0f,0f,0f,1f],start_interpolation: 0,interpolation_duration: 1}
$data merge entity $(bone_right_arm) {transformation: [-0.9778f,-0.1937f,-0.0793f,-0.2656f,-0.1795f,0.9709f,-0.1586f,1.2438f,0.1077f,-0.1409f,-0.9842f,0.0412f,0f,0f,0f,1f],start_interpolation: 0,interpolation_duration: 1}
$data merge entity $(bone_left_arm) {transformation: [-0.9928f,-0.061f,0.1031f,0.3125f,-0.1044f,0.8626f,-0.4949f,1.075f,-0.0587f,-0.5021f,-0.8628f,0f,0f,0f,0f,1f],start_interpolation: 0,interpolation_duration: 1}
$data merge entity $(bone_right_leg) {transformation: [-1f,0f,0f,-0.1187f,0f,0.9848f,-0.1736f,0.75f,0f,-0.1736f,-0.9848f,0.0312f,0f,0f,0f,1f],start_interpolation: 0,interpolation_duration: 1}
$data merge entity $(bone_left_leg) {transformation: [-1f,0f,0f,0.1188f,0f,0.9239f,0.3827f,0.5714f,0f,0.3827f,-0.9239f,0.0536f,0f,0f,0f,1f],start_interpolation: 0,interpolation_duration: 1}
$data merge entity $(bone_outline1) {transformation: [0.3398f,0.0525f,-1.9483f,-0.2059f,-1.9468f,0.1045f,-0.3367f,0.8088f,0.094f,1.975f,0.0696f,-0.2419f,0f,0f,0f,1f],start_interpolation: 0,interpolation_duration: 1}
$data merge entity $(bone_lightcone) {transformation: [0f,0f,0f,-0.0126f,0f,0f,0f,0.9989f,0f,0f,0f,4.3134f,0f,0f,0f,1f],start_interpolation: 0,interpolation_duration: 1}
$data merge entity $(bone_blade1) {transformation: [0.3355f,0.0518f,-1.9237f,-0.1518f,-1.9222f,0.1032f,-0.3324f,0.8875f,0.0928f,1.95f,0.0687f,-0.1223f,0f,0f,0f,1f],start_interpolation: 0,interpolation_duration: 1}