# This file was generated by Animated Java via MC-Build. It is not recommended to edit this file directly.
$data merge entity $(bone_head) {transformation: [-1f,0f,0f,0f,0f,1f,0f,1.4286f,0f,0f,-1f,0f,0f,0f,0f,1f],start_interpolation: 0,interpolation_duration: 1}
$data merge entity $(bone_body) {transformation: [-1f,0f,0f,0f,0f,0.9988f,0.0498f,1.4375f,0f,0.0498f,-0.9988f,0f,0f,0f,0f,1f],start_interpolation: 0,interpolation_duration: 1}
$data merge entity $(bone_right_arm) {transformation: [-0.9975f,-0.0621f,-0.033f,-0.2969f,-0.0604f,0.9969f,-0.0495f,1.3313f,0.036f,-0.0473f,-0.9982f,0.0137f,0f,0f,0f,1f],start_interpolation: 0,interpolation_duration: 1}
$data merge entity $(bone_left_arm) {transformation: [-0.9992f,-0.031f,0.0254f,0.3125f,-0.0349f,0.9841f,-0.174f,1.275f,-0.0196f,-0.1748f,-0.9844f,0f,0f,0f,0f,1f],start_interpolation: 0,interpolation_duration: 1}
$data merge entity $(bone_right_leg) {transformation: [-1f,0f,0f,-0.1187f,0f,0.9983f,-0.0581f,0.7917f,0f,-0.0581f,-0.9983f,0.0104f,0f,0f,0f,1f],start_interpolation: 0,interpolation_duration: 1}
$data merge entity $(bone_left_leg) {transformation: [-1f,0f,0f,0.1188f,0f,0.9914f,0.1305f,0.7321f,0f,0.1305f,-0.9914f,0.0179f,0f,0f,0f,1f],start_interpolation: 0,interpolation_duration: 1}
$data merge entity $(bone_outline1) {transformation: [0.1139f,0.0214f,-1.975f,-0.3191f,-1.9749f,0.0326f,-0.1135f,0.8945f,0.0313f,1.978f,0.0232f,-0.3724f,0f,0f,0f,1f],start_interpolation: 0,interpolation_duration: 1}
$data merge entity $(bone_lightcone) {transformation: [0f,0f,0f,-0.2038f,0f,0f,0f,0.9109f,0f,0f,0f,4.1895f,0f,0f,0f,1f],start_interpolation: 0,interpolation_duration: 1}
$data merge entity $(bone_blade1) {transformation: [0.1124f,0.0211f,-1.9501f,-0.2589f,-1.9499f,0.0322f,-0.1121f,0.9625f,0.0309f,1.953f,0.0229f,-0.2491f,0f,0f,0f,1f],start_interpolation: 0,interpolation_duration: 1}