# This file was generated by Animated Java via MC-Build. It is not recommended to edit this file directly.
$data merge entity $(bone_head) {transformation: [-1f,0f,0f,0f,0f,1f,0f,1.0714f,0f,0f,-1f,0f,0f,0f,0f,1f],start_interpolation: 0,interpolation_duration: 1}
$data merge entity $(bone_body) {transformation: [-1f,0f,0f,0f,0f,0.9556f,0.2948f,1.125f,0f,0.2948f,-0.9556f,0f,0f,0f,0f,1f],start_interpolation: 0,interpolation_duration: 1}
$data merge entity $(bone_right_arm) {transformation: [-0.9131f,-0.3971f,-0.0925f,-0.2188f,-0.3469f,0.8759f,-0.3353f,1.1125f,0.2141f,-0.2741f,-0.9376f,0.0825f,0f,0f,0f,1f],start_interpolation: 0,interpolation_duration: 1}
$data merge entity $(bone_left_leg) {transformation: [-1f,0f,0f,0.1187f,0f,0.7071f,0.7071f,0.3304f,0f,0.7071f,-0.7071f,0.1071f,0f,0f,0f,1f],start_interpolation: 0,interpolation_duration: 1}
$data merge entity $(bone_outline1) {transformation: [0.6671f,0.0675f,-1.8613f,-0.0331f,-1.8531f,0.2234f,-0.656f,0.6816f,0.1878f,1.9646f,0.1386f,-0.046f,0f,0f,0f,1f],start_interpolation: 0,interpolation_duration: 1}
$data merge entity $(bone_lightcone) {transformation: [0f,0f,0f,0.2026f,0f,0f,0f,1.159f,0f,0f,0f,4.4862f,0f,0f,0f,1f],start_interpolation: 0,interpolation_duration: 1}
$data merge entity $(bone_blade1) {transformation: [0.6587f,0.0667f,-1.8378f,0.0089f,-1.8296f,0.2206f,-0.6478f,0.775f,0.1854f,1.9398f,0.1368f,0.0679f,0f,0f,0f,1f],start_interpolation: 0,interpolation_duration: 1}