# This file was generated by Animated Java via MC-Build. It is not recommended to edit this file directly.
$data merge entity $(bone_head) {transformation: [-1f,0f,0f,0f,0f,1f,0f,1.1429f,0f,0f,-1f,0f,0f,0f,0f,1f],start_interpolation: 0,interpolation_duration: 1}
$data merge entity $(bone_body) {transformation: [-1f,0f,0f,0f,0f,0.9691f,0.2468f,1.1875f,0f,0.2468f,-0.9691f,0f,0f,0f,0f,1f],start_interpolation: 0,interpolation_duration: 1}
$data merge entity $(bone_right_arm) {transformation: [-0.9392f,-0.3297f,-0.096f,-0.2344f,-0.2932f,0.9154f,-0.2759f,1.1563f,0.1789f,-0.231f,-0.9564f,0.0687f,0f,0f,0f,1f],start_interpolation: 0,interpolation_duration: 1}
$data merge entity $(bone_right_leg) {transformation: [-1f,0f,0f,-0.1187f,0f,0.958f,-0.2868f,0.7083f,0f,-0.2868f,-0.958f,0.0521f,0f,0f,0f,1f],start_interpolation: 0,interpolation_duration: 1}
$data merge entity $(bone_left_leg) {transformation: [-1f,0f,0f,0.1187f,0f,0.7934f,0.6088f,0.4107f,0f,0.6088f,-0.7934f,0.0893f,0f,0f,0f,1f],start_interpolation: 0,interpolation_duration: 1}
$data merge entity $(bone_outline1) {transformation: [0.5601f,0.0669f,-1.8963f,-0.0911f,-1.891f,0.1828f,-0.5521f,0.7238f,0.1566f,1.9688f,0.1157f,-0.1113f,0f,0f,0f,1f],start_interpolation: 0,interpolation_duration: 1}
$data merge entity $(bone_lightcone) {transformation: [0f,0f,0f,0.1407f,0f,0f,0f,1.1031f,0f,0f,0f,4.4303f,0f,0f,0f,1f],start_interpolation: 0,interpolation_duration: 1}
$data merge entity $(bone_blade1) {transformation: [0.553f,0.066f,-1.8723f,-0.0446f,-1.8671f,0.1805f,-0.5451f,0.8125f,0.1546f,1.9439f,0.1142f,0.0045f,0f,0f,0f,1f],start_interpolation: 0,interpolation_duration: 1}