# This file was generated by Animated Java via MC-Build. It is not recommended to edit this file directly.
$data merge entity $(bone_head) {transformation: [-1f,0f,0f,0f,0f,1f,0f,1.2143f,0f,0f,-1f,0f,0f,0f,0f,1f],start_interpolation: 0,interpolation_duration: 1}
$data merge entity $(bone_body) {transformation: [-1f,0f,0f,0f,0f,0.9802f,0.1981f,1.25f,0f,0.1981f,-0.9802f,0f,0f,0f,0f,1f],start_interpolation: 0,interpolation_duration: 1}
$data merge entity $(bone_right_arm) {transformation: [-0.9608f,-0.2616f,-0.0915f,-0.25f,-0.2372f,0.947f,-0.2167f,1.2f,0.1434f,-0.1865f,-0.9719f,0.055f,0f,0f,0f,1f],start_interpolation: 0,interpolation_duration: 1}
$data merge entity $(bone_left_arm) {transformation: [-0.9872f,-0.0562f,0.1492f,0.3125f,-0.1389f,0.7627f,-0.6317f,0.975f,-0.0783f,-0.6443f,-0.7607f,0f,0f,0f,0f,1f],start_interpolation: 0,interpolation_duration: 1}
$data merge entity $(bone_right_leg) {transformation: [-1f,0f,0f,-0.1187f,0f,0.973f,-0.2306f,0.7292f,0f,-0.2306f,-0.973f,0.0417f,0f,0f,0f,1f],start_interpolation: 0,interpolation_duration: 1}
$data merge entity $(bone_left_leg) {transformation: [-1f,0f,0f,0.1187f,0f,0.866f,0.5f,0.4911f,0f,0.5f,-0.866f,0.0714f,0f,0f,0f,1f],start_interpolation: 0,interpolation_duration: 1}
$data merge entity $(bone_outline1) {transformation: [0.4509f,0.0618f,-1.9254f,-0.1487f,-1.9223f,0.1431f,-0.4455f,0.7662f,0.1253f,1.9723f,0.0927f,-0.1767f,0f,0f,0f,1f],start_interpolation: 0,interpolation_duration: 1}
$data merge entity $(bone_lightcone) {transformation: [0f,0f,0f,0.0689f,0f,0f,0f,1.0494f,0f,0f,0f,4.3727f,0f,0f,0f,1f],start_interpolation: 0,interpolation_duration: 1}
$data merge entity $(bone_blade1) {transformation: [0.4452f,0.061f,-1.901f,-0.0982f,-1.898f,0.1412f,-0.4399f,0.85f,0.1237f,1.9474f,0.0915f,-0.0589f,0f,0f,0f,1f],start_interpolation: 0,interpolation_duration: 1}