# This file was generated by Animated Java via MC-Build. It is not recommended to edit this file directly.
$data merge entity $(bone_head) {transformation: [-1f,0f,0f,0f,0f,1f,0f,1.3571f,0f,0f,-1f,0f,0f,0f,0f,1f],start_interpolation: 0,interpolation_duration: 1}
$data merge entity $(bone_body) {transformation: [-1f,0f,0f,0f,0f,0.995f,0.0996f,1.375f,0f,0.0996f,-0.995f,0f,0f,0f,0f,1f],start_interpolation: 0,interpolation_duration: 1}
$data merge entity $(bone_right_arm) {transformation: [-0.9901f,-0.127f,-0.0596f,-0.2813f,-0.1204f,0.9874f,-0.1026f,1.2875f,0.0719f,-0.0944f,-0.9929f,0.0275f,0f,0f,0f,1f],start_interpolation: 0,interpolation_duration: 1}
$data merge entity $(bone_left_arm) {transformation: [-0.9968f,-0.0521f,0.0607f,0.3125f,-0.0698f,0.9376f,-0.3408f,1.175f,-0.0392f,-0.3439f,-0.9382f,0f,0f,0f,0f,1f],start_interpolation: 0,interpolation_duration: 1}
$data merge entity $(bone_right_leg) {transformation: [-1f,0f,0f,-0.1187f,0f,0.9932f,-0.1161f,0.7708f,0f,-0.1161f,-0.9932f,0.0208f,0f,0f,0f,1f],start_interpolation: 0,interpolation_duration: 1}
$data merge entity $(bone_left_leg) {transformation: [-1f,0f,0f,0.1188f,0f,0.9659f,0.2588f,0.6518f,0f,0.2588f,-0.9659f,0.0357f,0f,0f,0f,1f],start_interpolation: 0,interpolation_duration: 1}
$data merge entity $(bone_outline1) {transformation: [0.2273f,0.0389f,-1.9649f,-0.2627f,-1.9643f,0.0676f,-0.2259f,0.8515f,0.0627f,1.9769f,0.0464f,-0.3072f,0f,0f,0f,1f],start_interpolation: 0,interpolation_duration: 1}
$data merge entity $(bone_lightcone) {transformation: [0f,0f,0f,-0.1037f,0f,0f,0f,0.9525f,0f,0f,0f,4.2523f,0f,0f,0f,1f],start_interpolation: 0,interpolation_duration: 1}
$data merge entity $(bone_blade1) {transformation: [0.2244f,0.0384f,-1.9401f,-0.2054f,-1.9395f,0.0667f,-0.223f,0.925f,0.0619f,1.9519f,0.0458f,-0.1857f,0f,0f,0f,1f],start_interpolation: 0,interpolation_duration: 1}