# This file was generated by Animated Java via MC-Build. It is not recommended to edit this file directly.
$data merge entity $(bone_head) {transformation: [-1f,0f,0f,0f,0f,0.9995f,-0.0321f,1.4845f,0f,-0.0321f,-0.9995f,0f,0f,0f,0f,1f],start_interpolation: 0,interpolation_duration: 1}
$data merge entity $(bone_right_arm) {transformation: [-0.9998f,-0.0193f,-0.0005f,-0.3125f,-0.0192f,0.9896f,0.1428f,1.4f,-0.0022f,0.1428f,-0.9898f,0.0375f,0f,0f,0f,1f],start_interpolation: 0,interpolation_duration: 1}
$data merge entity $(bone_left_arm) {transformation: [-0.9998f,0.0216f,0.0003f,0.3125f,0.0214f,0.9892f,0.1451f,1.4015f,0.0028f,0.1451f,-0.9894f,0.05f,0f,0f,0f,1f],start_interpolation: 0,interpolation_duration: 1}
$data merge entity $(bone_right_leg) {transformation: [-1f,0f,0f,-0.1187f,0f,0.9994f,-0.0349f,0.75f,0f,-0.0349f,-0.9994f,0.0125f,0f,0f,0f,1f],start_interpolation: 0,interpolation_duration: 1}
$data merge entity $(bone_left_leg) {transformation: [-1f,0f,0f,0.1188f,0f,0.9999f,-0.0108f,0.75f,0f,-0.0108f,-0.9999f,-0.0125f,0f,0f,0f,1f],start_interpolation: 0,interpolation_duration: 1}
$data merge entity $(bone_outline1) {transformation: [0f,0f,-1.9784f,-0.375f,-1.9742f,0.1294f,0f,0.9388f,0.1294f,1.9742f,0f,-0.38f,0f,0f,0f,1f],start_interpolation: 0,interpolation_duration: 1}
$data merge entity $(bone_lightcone) {transformation: [0f,0f,0f,0.0625f,0f,0f,0f,1.2257f,0f,0f,0f,3.3145f,0f,0f,0f,1f],start_interpolation: 0,interpolation_duration: 1}
$data merge entity $(bone_blade1) {transformation: [0f,0f,-1.9534f,-0.3125f,-1.9492f,0.1278f,0f,1.0094f,0.1278f,1.9492f,0f,-0.2594f,0f,0f,0f,1f],start_interpolation: 0,interpolation_duration: 1}