# This file was generated by Animated Java via MC-Build. It is not recommended to edit this file directly.
$data merge entity $(bone_head) {transformation: [-1f,0f,0f,0f,0f,0.9827f,-0.185f,1.4768f,0f,-0.185f,-0.9827f,0f,0f,0f,0f,1f],start_interpolation: 0,interpolation_duration: 1}
$data merge entity $(bone_right_arm) {transformation: [-1f,-0.0056f,0.0004f,-0.3125f,-0.0056f,0.9991f,0.0418f,1.4125f,-0.0007f,0.0418f,-0.9991f,0.0562f,0f,0f,0f,1f],start_interpolation: 0,interpolation_duration: 1}
$data merge entity $(bone_left_arm) {transformation: [-1f,0.0063f,-0.0005f,0.3125f,0.0062f,0.9991f,0.0425f,1.4148f,0.0008f,0.0425f,-0.9991f,0.075f,0f,0f,0f,1f],start_interpolation: 0,interpolation_duration: 1}
$data merge entity $(bone_right_leg) {transformation: [-1f,0f,0f,-0.1187f,0f,0.9986f,-0.0523f,0.75f,0f,-0.0523f,-0.9986f,0.0187f,0f,0f,0f,1f],start_interpolation: 0,interpolation_duration: 1}
$data merge entity $(bone_left_leg) {transformation: [-1f,0f,0f,0.1188f,0f,1f,-0.0032f,0.75f,0f,-0.0032f,-1f,-0.0187f,0f,0f,0f,1f],start_interpolation: 0,interpolation_duration: 1}
$data merge entity $(bone_outline1) {transformation: [0f,0f,-1.9784f,-0.375f,-1.9445f,0.3648f,0f,0.8983f,0.3648f,1.9445f,0f,-0.2348f,0f,0f,0f,1f],start_interpolation: 0,interpolation_duration: 1}
$data merge entity $(bone_lightcone) {transformation: [0f,0f,0f,0.0312f,0f,0f,0f,1.6298f,0f,0f,0f,3.4707f,0f,0f,0f,1f],start_interpolation: 0,interpolation_duration: 1}
$data merge entity $(bone_blade1) {transformation: [0f,0f,-1.9534f,-0.3125f,-1.9199f,0.3602f,0f,0.9828f,0.3602f,1.9199f,0f,-0.1234f,0f,0f,0f,1f],start_interpolation: 0,interpolation_duration: 1}