# This file was generated by Animated Java via MC-Build. It is not recommended to edit this file directly.
$data merge entity $(bone_head) {transformation: [-1f,0f,0f,0f,0f,0.9739f,-0.227f,1.469f,0f,-0.227f,-0.9739f,0f,0f,0f,0f,1f],start_interpolation: 0,interpolation_duration: 1}
$data merge entity $(bone_right_arm) {transformation: [-0.9984f,0.0491f,-0.0294f,-0.3125f,0.0569f,0.9101f,-0.4106f,1.425f,0.0066f,-0.4116f,-0.9114f,0.075f,0f,0f,0f,1f],start_interpolation: 0,interpolation_duration: 1}
$data merge entity $(bone_left_arm) {transformation: [-0.998f,-0.054f,0.0339f,0.3125f,-0.0633f,0.9069f,-0.4166f,1.428f,-0.0082f,-0.4179f,-0.9085f,0.1f,0f,0f,0f,1f],start_interpolation: 0,interpolation_duration: 1}
$data merge entity $(bone_right_leg) {transformation: [-1f,0f,0f,-0.1187f,0f,0.9976f,-0.0698f,0.75f,0f,-0.0698f,-0.9976f,0.025f,0f,0f,0f,1f],start_interpolation: 0,interpolation_duration: 1}
$data merge entity $(bone_left_leg) {transformation: [-1f,0f,0f,0.1188f,0f,0.9995f,0.0321f,0.75f,0f,0.0321f,-0.9995f,-0.025f,0f,0f,0f,1f],start_interpolation: 0,interpolation_duration: 1}
$data merge entity $(bone_outline1) {transformation: [0f,0f,-1.9784f,-0.375f,-1.8869f,0.5949f,0f,0.8591f,0.5949f,1.8869f,0f,-0.0879f,0f,0f,0f,1f],start_interpolation: 0,interpolation_duration: 1}
$data merge entity $(bone_lightcone) {transformation: [0f,0f,0f,0f,0f,0f,0f,2.0418f,0f,0f,0f,3.5741f,0f,0f,0f,1f],start_interpolation: 0,interpolation_duration: 1}
$data merge entity $(bone_blade1) {transformation: [0f,0f,-1.9534f,-0.3125f,-1.863f,0.5874f,0f,0.9563f,0.5874f,1.863f,0f,0.0125f,0f,0f,0f,1f],start_interpolation: 0,interpolation_duration: 1}