# This file was generated by Animated Java via MC-Build. It is not recommended to edit this file directly.
$data merge entity $(bone_head) {transformation: [-1f,0f,0f,0f,0f,0.9763f,-0.2164f,1.4613f,0f,-0.2164f,-0.9763f,0f,0f,0f,0f,1f],start_interpolation: 0,interpolation_duration: 1}
$data merge entity $(bone_right_arm) {transformation: [-0.9811f,0.0029f,-0.1935f,-0.3125f,0.1922f,0.1305f,-0.9726f,1.4375f,0.0225f,-0.9914f,-0.1286f,0.0937f,0f,0f,0f,1f],start_interpolation: 0,interpolation_duration: 1}
$data merge entity $(bone_left_arm) {transformation: [-0.9766f,0.0047f,0.2152f,0.3125f,-0.2135f,0.1088f,-0.9709f,1.4413f,-0.028f,-0.9941f,-0.1052f,0.125f,0f,0f,0f,1f],start_interpolation: 0,interpolation_duration: 1}
$data merge entity $(bone_right_leg) {transformation: [-1f,0f,0f,-0.1187f,0f,0.9962f,-0.0872f,0.75f,0f,-0.0872f,-0.9962f,0.0312f,0f,0f,0f,1f],start_interpolation: 0,interpolation_duration: 1}
$data merge entity $(bone_left_leg) {transformation: [-1f,0f,0f,0.1188f,0f,0.9941f,0.1089f,0.75f,0f,0.1089f,-0.9941f,-0.0312f,0f,0f,0f,1f],start_interpolation: 0,interpolation_duration: 1}
$data merge entity $(bone_outline1) {transformation: [0f,0f,-1.9784f,-0.375f,-0.5121f,1.911f,0f,1.0256f,1.911f,0.5121f,0f,0.5093f,0f,0f,0f,1f],start_interpolation: 0,interpolation_duration: 1}
$data merge entity $(bone_lightcone) {transformation: [0f,0f,0f,-0.0312f,0f,0f,0f,4.8163f,0f,0f,0f,1.5065f,0f,0f,0f,1f],start_interpolation: 0,interpolation_duration: 1}
$data merge entity $(bone_blade1) {transformation: [0f,0f,-1.9534f,-0.3125f,-0.5056f,1.8869f,0f,1.1625f,1.8869f,0.5056f,0f,0.4812f,0f,0f,0f,1f],start_interpolation: 0,interpolation_duration: 1}