# This file was generated by Animated Java via MC-Build. It is not recommended to edit this file directly.
$data merge entity $(bone_right_arm) {transformation: [-0.9454f,-0.2744f,-0.1761f,-0.3125f,0.3238f,-0.7265f,-0.6061f,1.45f,0.0383f,-0.63f,0.7756f,0.1125f,0f,0f,0f,1f],start_interpolation: 0,interpolation_duration: 1}
$data merge entity $(bone_left_arm) {transformation: [-0.9323f,0.3141f,0.1792f,0.3125f,-0.3585f,-0.7372f,-0.5727f,1.4545f,-0.0478f,-0.5982f,0.8f,0.15f,0f,0f,0f,1f],start_interpolation: 0,interpolation_duration: 1}
$data merge entity $(bone_right_leg) {transformation: [-1f,0f,0f,-0.1187f,0f,0.9945f,-0.1045f,0.75f,0f,-0.1045f,-0.9945f,0.0375f,0f,0f,0f,1f],start_interpolation: 0,interpolation_duration: 1}
$data merge entity $(bone_left_leg) {transformation: [-1f,0f,0f,0.1188f,0f,0.9827f,0.185f,0.75f,0f,0.185f,-0.9827f,-0.0375f,0f,0f,0f,1f],start_interpolation: 0,interpolation_duration: 1}
$data merge entity $(bone_outline1) {transformation: [0f,0f,-1.9784f,-0.1875f,1.2717f,1.5156f,0f,1.5444f,1.5156f,-1.2717f,0f,0.6095f,0f,0f,0f,1f],start_interpolation: 0,interpolation_duration: 1}
$data merge entity $(bone_lightcone) {transformation: [0f,0f,0f,0.125f,0f,0f,0f,4.596f,0f,0f,0f,-1.9628f,0f,0f,0f,1f],start_interpolation: 0,interpolation_duration: 1}
$data merge entity $(bone_blade1) {transformation: [0f,0f,-1.9534f,-0.125f,1.2556f,1.4964f,0f,1.6f,1.4964f,-1.2556f,0f,0.4813f,0f,0f,0f,1f],start_interpolation: 0,interpolation_duration: 1}