# This file was generated by Animated Java via MC-Build. It is not recommended to edit this file directly.
$data merge entity $(bone_right_arm) {transformation: [-0.923f,-0.3826f,-0.0409f,-0.3125f,0.3821f,-0.8987f,-0.2152f,1.4625f,0.0456f,-0.2142f,0.9757f,0.1312f,0f,0f,0f,1f],start_interpolation: 0,interpolation_duration: 1}
$data merge entity $(bone_left_arm) {transformation: [-0.9047f,0.4255f,0.0201f,0.3125f,-0.4222f,-0.8893f,-0.1756f,1.4678f,-0.0568f,-0.1674f,0.9843f,0.175f,0f,0f,0f,1f],start_interpolation: 0,interpolation_duration: 1}
$data merge entity $(bone_right_leg) {transformation: [-1f,0f,0f,-0.1187f,0f,0.9925f,-0.1219f,0.75f,0f,-0.1219f,-0.9925f,0.0437f,0f,0f,0f,1f],start_interpolation: 0,interpolation_duration: 1}
$data merge entity $(bone_left_leg) {transformation: [-1f,0f,0f,0.1188f,0f,0.9756f,0.2195f,0.75f,0f,0.2195f,-0.9756f,-0.0437f,0f,0f,0f,1f],start_interpolation: 0,interpolation_duration: 1}
$data merge entity $(bone_outline1) {transformation: [0f,0f,-1.9784f,-0.1968f,1.3171f,1.4763f,0f,1.5359f,1.4763f,-1.3171f,0f,0.6204f,0f,0f,0f,1f],start_interpolation: 0,interpolation_duration: 1}
$data merge entity $(bone_lightcone) {transformation: [0f,0f,0f,0.0844f,0f,0f,0f,4.5673f,0f,0f,0f,-2.0841f,0f,0f,0f,1f],start_interpolation: 0,interpolation_duration: 1}
$data merge entity $(bone_blade1) {transformation: [0f,0f,-1.9534f,-0.1343f,1.3005f,1.4576f,0f,1.5876f,1.4576f,-1.3005f,0f,0.4906f,0f,0f,0f,1f],start_interpolation: 0,interpolation_duration: 1}