# This file was generated by Animated Java via MC-Build. It is not recommended to edit this file directly.
$data merge entity $(bone_right_arm) {transformation: [-0.9177f,-0.3974f,-0.0022f,-0.3125f,0.3946f,-0.9105f,-0.1237f,1.475f,0.0472f,-0.1144f,0.9923f,0.15f,0f,0f,0f,1f],start_interpolation: 0,interpolation_duration: 1}
$data merge entity $(bone_left_arm) {transformation: [-0.8981f,0.4391f,-0.0243f,0.3125f,-0.4358f,-0.8961f,-0.0844f,1.481f,-0.0588f,-0.0652f,0.9961f,0.2f,0f,0f,0f,1f],start_interpolation: 0,interpolation_duration: 1}
$data merge entity $(bone_right_leg) {transformation: [-1f,0f,0f,-0.1187f,0f,0.9903f,-0.1392f,0.75f,0f,-0.1392f,-0.9903f,0.05f,0f,0f,0f,1f],start_interpolation: 0,interpolation_duration: 1}
$data merge entity $(bone_left_leg) {transformation: [-1f,0f,0f,0.1188f,0f,0.9739f,0.227f,0.75f,0f,0.227f,-0.9739f,-0.05f,0f,0f,0f,1f],start_interpolation: 0,interpolation_duration: 1}
$data merge entity $(bone_outline1) {transformation: [0f,0f,-1.9784f,-0.1599f,1.1306f,1.6236f,0f,1.5699f,1.6236f,-1.1306f,0f,0.5764f,0f,0f,0f,1f],start_interpolation: 0,interpolation_duration: 1}
$data merge entity $(bone_lightcone) {transformation: [0f,0f,0f,0.0901f,0f,0f,0f,4.9675f,0f,0f,0f,-1.7786f,0f,0f,0f,1f],start_interpolation: 0,interpolation_duration: 1}
$data merge entity $(bone_blade1) {transformation: [0f,0f,-1.9534f,-0.0974f,1.1163f,1.603f,0f,1.6368f,1.603f,-1.1163f,0f,0.4537f,0f,0f,0f,1f],start_interpolation: 0,interpolation_duration: 1}