# This file was generated by Animated Java via MC-Build. It is not recommended to edit this file directly.
$data merge entity $(bone_head) {transformation: [-1f,0f,0f,0f,0f,0.9727f,-0.2322f,1.472f,0f,-0.2322f,-0.9727f,0f,0f,0f,0f,1f],start_interpolation: 0,interpolation_duration: 1}
$data merge entity $(bone_body) {transformation: [-1f,0f,0f,0f,0f,0.9994f,0.0349f,1.5102f,0f,0.0349f,-0.9994f,0f,0f,0f,0f,1f],start_interpolation: 0,interpolation_duration: 1}
$data merge entity $(bone_right_arm) {transformation: [-0.9165f,-0.3973f,-0.0461f,-0.3161f,0.3982f,-0.8955f,-0.1987f,1.5131f,0.0376f,-0.2005f,0.979f,0.1887f,0f,0f,0f,1f],start_interpolation: 0,interpolation_duration: 1}
$data merge entity $(bone_left_arm) {transformation: [-0.9049f,0.4251f,0.0195f,0.3125f,-0.422f,-0.8905f,-0.1703f,1.5222f,-0.055f,-0.1623f,0.9852f,0.2558f,0f,0f,0f,1f],start_interpolation: 0,interpolation_duration: 1}
$data merge entity $(bone_right_leg) {transformation: [-1f,0f,0f,-0.1187f,0f,0.9855f,-0.1697f,0.7438f,0f,-0.1697f,-0.9855f,0.0625f,0f,0f,0f,1f],start_interpolation: 0,interpolation_duration: 1}
$data merge entity $(bone_left_leg) {transformation: [-1f,0f,0f,0.1188f,0f,0.9815f,0.1916f,0.7f,0f,0.1916f,-0.9815f,-0.0812f,0f,0f,0f,1f],start_interpolation: 0,interpolation_duration: 1}
$data merge entity $(bone_outline1) {transformation: [0f,0f,-1.9784f,0f,1.7627f,0.8984f,0f,1.7777f,0.8984f,-1.7627f,0f,0.6523f,0f,0f,0f,1f],start_interpolation: 0,interpolation_duration: 1}
$data merge entity $(bone_lightcone) {transformation: [-2.043f,0f,-4.0095f,0.0625f,3.5723f,8.3779f,-1.8202f,3.9051f,1.8207f,-16.4382f,-0.9277f,-3.3844f,0f,0f,0f,1f],start_interpolation: 0,interpolation_duration: 1}
$data merge entity $(bone_blade1) {transformation: [0f,0f,-1.9534f,0.0625f,1.7404f,0.887f,0f,1.7788f,0.887f,-1.7404f,0f,0.5125f,0f,0f,0f,1f],start_interpolation: 0,interpolation_duration: 1}