# This file was generated by Animated Java via MC-Build. It is not recommended to edit this file directly.
$data merge entity $(bone_head) {transformation: [-1f,0f,0f,0f,0f,0.9682f,-0.2502f,1.4842f,0f,-0.2502f,-0.9682f,0f,0f,0f,0f,1f],start_interpolation: 0,interpolation_duration: 1}
$data merge entity $(bone_body) {transformation: [-1f,0f,0f,0f,0f,0.9976f,0.0698f,1.5217f,0f,0.0698f,-0.9976f,0f,0f,0f,0f,1f],start_interpolation: 0,interpolation_duration: 1}
$data merge entity $(bone_right_arm) {transformation: [-0.906f,-0.4221f,-0.0319f,-0.3203f,0.4223f,-0.896f,-0.1372f,1.5279f,0.0293f,-0.1378f,0.99f,0.19f,0f,0f,0f,1f],start_interpolation: 0,interpolation_duration: 1}
$data merge entity $(bone_left_arm) {transformation: [-0.9021f,0.4315f,-0.0018f,0.3125f,-0.4281f,-0.8955f,-0.1213f,1.5389f,-0.0539f,-0.1086f,0.9926f,0.2624f,0f,0f,0f,1f],start_interpolation: 0,interpolation_duration: 1}
$data merge entity $(bone_right_leg) {transformation: [-1f,0f,0f,-0.1187f,0f,0.9863f,-0.1651f,0.7375f,0f,-0.1651f,-0.9863f,0.0625f,0f,0f,0f,1f],start_interpolation: 0,interpolation_duration: 1}
$data merge entity $(bone_left_leg) {transformation: [-1f,0f,0f,0.1188f,0f,0.9866f,0.1632f,0.65f,0f,0.1632f,-0.9866f,-0.1f,0f,0f,0f,1f],start_interpolation: 0,interpolation_duration: 1}
$data merge entity $(bone_outline1) {transformation: [0f,0f,-1.9784f,0f,1.8278f,0.7571f,0f,1.8474f,0.7571f,-1.8278f,0f,0.5894f,0f,0f,0f,1f],start_interpolation: 0,interpolation_duration: 1}
$data merge entity $(bone_lightcone) {transformation: [-2.3512f,0f,-3.8369f,0.0625f,3.5448f,7.0605f,-2.1723f,3.6511f,1.4683f,-17.0456f,-0.8998f,-3.6019f,0f,0f,0f,1f],start_interpolation: 0,interpolation_duration: 1}
$data merge entity $(bone_blade1) {transformation: [0f,0f,-1.9534f,0.0625f,1.8047f,0.7475f,0f,1.8375f,0.7475f,-1.8047f,0f,0.45f,0f,0f,0f,1f],start_interpolation: 0,interpolation_duration: 1}