# This file was generated by Animated Java via MC-Build. It is not recommended to edit this file directly.
$data merge entity $(bone_head) {transformation: [-1f,0f,0f,0f,0f,0.9741f,-0.2263f,1.4679f,0f,-0.2263f,-0.9741f,0f,0f,0f,0f,1f],start_interpolation: 0,interpolation_duration: 1}
$data merge entity $(bone_body) {transformation: [-1f,0f,0f,0f,0f,0.9945f,0.1045f,1.5063f,0f,0.1045f,-0.9945f,0f,0f,0f,0f,1f],start_interpolation: 0,interpolation_duration: 1}
$data merge entity $(bone_right_arm) {transformation: [-0.9198f,-0.3891f,-0.0501f,-0.3148f,0.3903f,-0.8943f,-0.219f,1.5082f,0.0404f,-0.221f,0.9744f,0.1882f,0f,0f,0f,1f],start_interpolation: 0,interpolation_duration: 1}
$data merge entity $(bone_left_arm) {transformation: [-0.9059f,0.4228f,0.0263f,0.3125f,-0.42f,-0.8882f,-0.1864f,1.5167f,-0.0554f,-0.1799f,0.9821f,0.2536f,0f,0f,0f,1f],start_interpolation: 0,interpolation_duration: 1}
$data merge entity $(bone_right_leg) {transformation: [-1f,0f,0f,-0.1187f,0f,0.9852f,-0.1712f,0.7313f,0f,-0.1712f,-0.9852f,0.0625f,0f,0f,0f,1f],start_interpolation: 0,interpolation_duration: 1}
$data merge entity $(bone_left_leg) {transformation: [-1f,0f,0f,0.1188f,0f,0.9796f,0.201f,0.6f,0f,0.201f,-0.9796f,-0.1188f,0f,0f,0f,1f],start_interpolation: 0,interpolation_duration: 1}
$data merge entity $(bone_outline1) {transformation: [0f,0f,-1.9784f,0f,1.645f,1.0992f,0f,1.7169f,1.0992f,-1.645f,0f,0.6168f,0f,0f,0f,1f],start_interpolation: 0,interpolation_duration: 1}
$data merge entity $(bone_lightcone) {transformation: [-2.645f,0f,-3.6406f,0.0625f,3.027f,10.2503f,-2.1993f,4.3037f,2.0226f,-15.3406f,-1.4695f,-3.1421f,0f,0f,0f,1f],start_interpolation: 0,interpolation_duration: 1}
$data merge entity $(bone_blade1) {transformation: [0f,0f,-1.9534f,0.0625f,1.6242f,1.0853f,0f,1.7344f,1.0853f,-1.6242f,0f,0.4781f,0f,0f,0f,1f],start_interpolation: 0,interpolation_duration: 1}