# This file was generated by Animated Java via MC-Build. It is not recommended to edit this file directly.
$data merge entity $(bone_head) {transformation: [-1f,0f,0f,0f,0f,0.9933f,-0.1152f,1.3934f,0f,-0.1152f,-0.9933f,0f,0f,0f,0f,1f],start_interpolation: 0,interpolation_duration: 1}
$data merge entity $(bone_body) {transformation: [-1f,0f,0f,0f,0f,0.9903f,0.1392f,1.4356f,0f,0.1392f,-0.9903f,0f,0f,0f,0f,1f],start_interpolation: 0,interpolation_duration: 1}
$data merge entity $(bone_right_arm) {transformation: [-0.9671f,-0.2461f,-0.0648f,-0.2895f,0.2376f,-0.7821f,-0.5761f,1.4173f,0.0911f,-0.5725f,0.8148f,0.1801f,0f,0f,0f,1f],start_interpolation: 0,interpolation_duration: 1}
$data merge entity $(bone_left_arm) {transformation: [-0.9221f,0.3617f,0.1378f,0.3125f,-0.382f,-0.7933f,-0.474f,1.4145f,-0.0622f,-0.4897f,0.8697f,0.2132f,0f,0f,0f,1f],start_interpolation: 0,interpolation_duration: 1}
$data merge entity $(bone_right_leg) {transformation: [-1f,0f,0f,-0.1187f,0f,0.98f,-0.1989f,0.725f,0f,-0.1989f,-0.98f,0.0625f,0f,0f,0f,1f],start_interpolation: 0,interpolation_duration: 1}
$data merge entity $(bone_left_leg) {transformation: [-1f,0f,0f,0.1188f,0f,0.9292f,0.3696f,0.55f,0f,0.3696f,-0.9292f,-0.1375f,0f,0f,0f,1f],start_interpolation: 0,interpolation_duration: 1}
$data merge entity $(bone_outline1) {transformation: [0f,0f,-1.9784f,0f,1.399f,1.399f,0f,1.5871f,1.399f,-1.399f,0f,0.6388f,0f,0f,0f,1f],start_interpolation: 0,interpolation_duration: 1}
$data merge entity $(bone_lightcone) {transformation: [-2.9225f,0f,-3.4218f,0.0625f,2.4196f,13.0461f,-2.0665f,4.8574f,2.4196f,-13.0461f,-2.0665f,-2.5431f,0f,0f,0f,1f],start_interpolation: 0,interpolation_duration: 1}
$data merge entity $(bone_blade1) {transformation: [0f,0f,-1.9534f,0.0625f,1.3813f,1.3813f,0f,1.6313f,1.3813f,-1.3813f,0f,0.5063f,0f,0f,0f,1f],start_interpolation: 0,interpolation_duration: 1}