# This file was generated by Animated Java via MC-Build. It is not recommended to edit this file directly.
$data merge entity $(bone_right_arm) {transformation: [-0.9217f,-0.3866f,-0.0316f,-0.3125f,0.3852f,-0.9025f,-0.1926f,1.4875f,0.046f,-0.1897f,0.9808f,0.1687f,0f,0f,0f,1f],start_interpolation: 0,interpolation_duration: 1}
$data merge entity $(bone_left_arm) {transformation: [-0.9031f,0.4293f,0.0094f,0.3125f,-0.4256f,-0.8919f,-0.153f,1.4943f,-0.0573f,-0.1422f,0.9882f,0.225f,0f,0f,0f,1f],start_interpolation: 0,interpolation_duration: 1}
$data merge entity $(bone_right_leg) {transformation: [-1f,0f,0f,-0.1187f,0f,0.9877f,-0.1564f,0.75f,0f,-0.1564f,-0.9877f,0.0562f,0f,0f,0f,1f],start_interpolation: 0,interpolation_duration: 1}
$data merge entity $(bone_left_leg) {transformation: [-1f,0f,0f,0.1188f,0f,0.9752f,0.2214f,0.75f,0f,0.2214f,-0.9752f,-0.0562f,0f,0f,0f,1f],start_interpolation: 0,interpolation_duration: 1}
$data merge entity $(bone_outline1) {transformation: [0f,0f,-1.9784f,-0.0276f,0.3486f,1.9475f,0f,1.7012f,1.9475f,-0.3486f,0f,0.4049f,0f,0f,0f,1f],start_interpolation: 0,interpolation_duration: 1}
$data merge entity $(bone_lightcone) {transformation: [0f,0f,0f,0.1912f,0f,0f,0f,5.8439f,0f,0f,0f,-0.3185f,0f,0f,0f,1f],start_interpolation: 0,interpolation_duration: 1}
$data merge entity $(bone_blade1) {transformation: [0f,0f,-1.9534f,0.0349f,0.3442f,1.9229f,0f,1.8132f,1.9229f,-0.3442f,0f,0.3213f,0f,0f,0f,1f],start_interpolation: 0,interpolation_duration: 1}