# This file was generated by Animated Java via MC-Build. It is not recommended to edit this file directly.
$data merge entity $(bone_head) {transformation: [-1f,0f,0f,0f,0f,0.9914f,0.1305f,1.2306f,0f,0.1305f,-0.9914f,0f,0f,0f,0f,1f],start_interpolation: 0,interpolation_duration: 1}
$data merge entity $(bone_body) {transformation: [-1f,0f,0f,0f,0f,0.9848f,0.1736f,1.2813f,0f,0.1736f,-0.9848f,0f,0f,0f,0f,1f],start_interpolation: 0,interpolation_duration: 1}
$data merge entity $(bone_right_arm) {transformation: [-0.9738f,-0.1868f,0.1298f,-0.2344f,-0.1067f,-0.1289f,-0.9859f,1.2188f,0.2009f,-0.9739f,0.1056f,0.1625f,0f,0f,0f,1f],start_interpolation: 0,interpolation_duration: 1}
$data merge entity $(bone_left_arm) {transformation: [-0.9518f,0.167f,0.2575f,0.3125f,-0.2971f,-0.291f,-0.9094f,1.1913f,-0.0769f,-0.942f,0.3266f,0.125f,0f,0f,0f,1f],start_interpolation: 0,interpolation_duration: 1}
$data merge entity $(bone_right_leg) {transformation: [-1f,0f,0f,-0.1187f,0f,0.9659f,-0.2588f,0.7188f,0f,-0.2588f,-0.9659f,0.0625f,0f,0f,0f,1f],start_interpolation: 0,interpolation_duration: 1}
$data merge entity $(bone_left_leg) {transformation: [-1f,0f,0f,0.1188f,0f,0.7224f,0.6915f,0.5f,0f,0.6915f,-0.7224f,-0.1562f,0f,0f,0f,1f],start_interpolation: 0,interpolation_duration: 1}
$data merge entity $(bone_outline1) {transformation: [0f,0f,-1.9784f,0f,-0.0863f,1.9765f,0f,1.0036f,1.9765f,0.0863f,0f,0.6257f,0f,0f,0f,1f],start_interpolation: 0,interpolation_duration: 1}
$data merge entity $(bone_lightcone) {transformation: [-3.182f,0f,-3.182f,0.0625f,-0.1388f,18.4324f,0.1388f,5.5591f,3.179f,0.8048f,-3.179f,0.8872f,0f,0f,0f,1f],start_interpolation: 0,interpolation_duration: 1}
$data merge entity $(bone_blade1) {transformation: [0f,0f,-1.9534f,0.0625f,-0.0852f,1.9516f,0f,1.1313f,1.9516f,0.0852f,0f,0.5688f,0f,0f,0f,1f],start_interpolation: 0,interpolation_duration: 1}