# This file was generated by Animated Java via MC-Build. It is not recommended to edit this file directly.
$data merge entity $(bone_head) {transformation: [-1f,0f,0f,0f,0f,0.9297f,0.3684f,1.0678f,0f,0.3684f,-0.9297f,0f,0f,0f,0f,1f],start_interpolation: 0,interpolation_duration: 1}
$data merge entity $(bone_body) {transformation: [-1f,0f,0f,0f,0f,0.9781f,0.2079f,1.1269f,0f,0.2079f,-0.9781f,0f,0f,0f,0f,1f],start_interpolation: 0,interpolation_duration: 1}
$data merge entity $(bone_right_arm) {transformation: [-0.8527f,-0.5033f,0.1398f,-0.1792f,-0.4217f,0.5053f,-0.7529f,1.0202f,0.3083f,-0.701f,-0.6431f,0.1449f,0f,0f,0f,1f],start_interpolation: 0,interpolation_duration: 1}
$data merge entity $(bone_left_arm) {transformation: [-0.9734f,0.0027f,0.229f,0.3125f,-0.2098f,0.39f,-0.8966f,0.968f,-0.0917f,-0.9208f,-0.379f,0.0368f,0f,0f,0f,1f],start_interpolation: 0,interpolation_duration: 1}
$data merge entity $(bone_right_leg) {transformation: [-1f,0f,0f,-0.1187f,0f,0.9482f,-0.3178f,0.7125f,0f,-0.3178f,-0.9482f,0.0625f,0f,0f,0f,1f],start_interpolation: 0,interpolation_duration: 1}
$data merge entity $(bone_left_leg) {transformation: [-1f,0f,0f,0.1188f,0f,0.4098f,0.9122f,0.45f,0f,0.9122f,-0.4098f,-0.175f,0f,0f,0f,1f],start_interpolation: 0,interpolation_duration: 1}
$data merge entity $(bone_outline1) {transformation: [0f,-0.2582f,-1.9615f,0.2044f,-1.2044f,1.5562f,-0.2049f,0.5509f,1.5696f,1.1941f,-0.1572f,0.2879f,0f,0f,0f,1f],start_interpolation: 0,interpolation_duration: 1}
$data merge entity $(bone_lightcone) {transformation: [-3.3926f,-2.4082f,-2.8975f,-0.3292f,-2.1335f,14.5121f,1.7804f,4.108f,2.0467f,11.1356f,-2.9469f,3.0962f,0f,0f,0f,1f],start_interpolation: 0,interpolation_duration: 1}
$data merge entity $(bone_blade1) {transformation: [0f,-0.255f,-1.9367f,0.25f,-1.1892f,1.5365f,-0.2023f,0.6938f,1.5498f,1.179f,-0.1552f,0.3188f,0f,0f,0f,1f],start_interpolation: 0,interpolation_duration: 1}