# This file was generated by Animated Java via MC-Build. It is not recommended to edit this file directly.
$data merge entity $(bone_head) {transformation: [-1f,0f,0f,0f,0f,0.8823f,0.4707f,0.9933f,0f,0.4707f,-0.8823f,0f,0f,0f,0f,1f],start_interpolation: 0,interpolation_duration: 1}
$data merge entity $(bone_body) {transformation: [-1f,0f,0f,0f,0f,0.9703f,0.2419f,1.0562f,0f,0.2419f,-0.9703f,0f,0f,0f,0f,1f],start_interpolation: 0,interpolation_duration: 1}
$data merge entity $(bone_right_arm) {transformation: [-0.7607f,-0.6489f,-0.0157f,-0.154f,-0.5426f,0.649f,-0.5333f,0.9293f,0.3562f,-0.3971f,-0.8458f,0.1368f,0f,0f,0f,1f],start_interpolation: 0,interpolation_duration: 1}
$data merge entity $(bone_left_arm) {transformation: [-0.9806f,-0.0397f,0.1918f,0.3125f,-0.1693f,0.6639f,-0.7284f,0.8658f,-0.0984f,-0.7467f,-0.6578f,-0.0036f,0f,0f,0f,1f],start_interpolation: 0,interpolation_duration: 1}
$data merge entity $(bone_right_leg) {transformation: [-1f,0f,0f,-0.1187f,0f,0.9388f,-0.3444f,0.7063f,0f,-0.3444f,-0.9388f,0.0625f,0f,0f,0f,1f],start_interpolation: 0,interpolation_duration: 1}
$data merge entity $(bone_left_leg) {transformation: [-1f,0f,0f,0.1188f,0f,0.2435f,0.9699f,0.4f,0f,0.9699f,-0.2435f,-0.1937f,0f,0f,0f,1f],start_interpolation: 0,interpolation_duration: 1}
$data merge entity $(bone_outline1) {transformation: [0.0838f,-0.2538f,-1.9603f,0.238f,-1.7307f,0.9385f,-0.1955f,0.5642f,0.9549f,1.7231f,-0.1823f,0.1405f,0f,0f,0f,1f],start_interpolation: 0,interpolation_duration: 1}
$data merge entity $(bone_lightcone) {transformation: [-3.4951f,-2.3669f,-2.775f,-0.2827f,-2.6736f,8.7517f,2.9233f,2.68f,0.9413f,16.0688f,-2.0009f,4.1501f,0f,0f,0f,1f],start_interpolation: 0,interpolation_duration: 1}
$data merge entity $(bone_blade1) {transformation: [0.0828f,-0.2506f,-1.9355f,0.2812f,-1.7088f,0.9266f,-0.193f,0.6844f,0.9429f,1.7013f,-0.18f,0.225f,0f,0f,0f,1f],start_interpolation: 0,interpolation_duration: 1}