# This file was generated by Animated Java via MC-Build. It is not recommended to edit this file directly.
$data merge entity $(bone_head) {transformation: [-1f,0f,0f,0f,0f,0.8705f,0.4922f,0.9771f,0f,0.4922f,-0.8705f,0f,0f,0f,0f,1f],start_interpolation: 0,interpolation_duration: 1}
$data merge entity $(bone_body) {transformation: [-1f,0f,0f,0f,0f,0.9613f,0.2756f,1.0408f,0f,0.2756f,-0.9613f,0f,0f,0f,0f,1f],start_interpolation: 0,interpolation_duration: 1}
$data merge entity $(bone_right_arm) {transformation: [-0.7382f,-0.6718f,-0.0616f,-0.1485f,-0.5664f,0.6667f,-0.4845f,0.9096f,0.3666f,-0.3228f,-0.8726f,0.135f,0f,0f,0f,1f],start_interpolation: 0,interpolation_duration: 1}
$data merge entity $(bone_left_arm) {transformation: [-0.982f,-0.046f,0.1833f,0.3125f,-0.1605f,0.7153f,-0.6801f,0.8436f,-0.0999f,-0.6973f,-0.7098f,-0.0124f,0f,0f,0f,1f],start_interpolation: 0,interpolation_duration: 1}
$data merge entity $(bone_right_leg) {transformation: [-1f,0f,0f,-0.1187f,0f,0.9367f,-0.3502f,0.7f,0f,-0.3502f,-0.9367f,0.0625f,0f,0f,0f,1f],start_interpolation: 0,interpolation_duration: 1}
$data merge entity $(bone_left_leg) {transformation: [-1f,0f,0f,0.1188f,0f,0.2061f,0.9785f,0.35f,0f,0.9785f,-0.2061f,-0.2125f,0f,0f,0f,1f],start_interpolation: 0,interpolation_duration: 1}
$data merge entity $(bone_outline1) {transformation: [0.1904f,-0.1745f,-1.9615f,0.2676f,-1.961f,0.1634f,-0.2049f,0.5963f,0.18f,1.9639f,-0.1572f,0.0079f,0f,0f,0f,1f],start_interpolation: 0,interpolation_duration: 1}
$data merge entity $(bone_lightcone) {transformation: [-3.5778f,-1.627f,-2.7004f,-0.0668f,-2.7279f,1.5234f,3.5596f,0.9175f,-0.0909f,18.3149f,-0.536f,4.5476f,0f,0f,0f,1f],start_interpolation: 0,interpolation_duration: 1}
$data merge entity $(bone_blade1) {transformation: [0.188f,-0.1723f,-1.9367f,0.3125f,-1.9362f,0.1613f,-0.2023f,0.675f,0.1778f,1.9391f,-0.1552f,0.1313f,0f,0f,0f,1f],start_interpolation: 0,interpolation_duration: 1}