# This file was generated by Animated Java via MC-Build. It is not recommended to edit this file directly.
$data merge entity $(bone_head) {transformation: [-1f,0f,0f,0f,0f,0.8794f,0.4761f,0.9893f,0f,0.4761f,-0.8794f,0f,0f,0f,0f,1f],start_interpolation: 0,interpolation_duration: 1}
$data merge entity $(bone_body) {transformation: [-1f,0f,0f,0f,0f,0.9511f,0.309f,1.0523f,0f,0.309f,-0.9511f,0f,0f,0f,0f,1f],start_interpolation: 0,interpolation_duration: 1}
$data merge entity $(bone_right_arm) {transformation: [-0.7552f,-0.6549f,-0.0267f,-0.1526f,-0.5486f,0.6538f,-0.5212f,0.9244f,0.3588f,-0.3789f,-0.853f,0.1363f,0f,0f,0f,1f],start_interpolation: 0,interpolation_duration: 1}
$data merge entity $(bone_left_arm) {transformation: [-0.981f,-0.0414f,0.1897f,0.3125f,-0.1671f,0.677f,-0.7168f,0.8603f,-0.0988f,-0.7348f,-0.671f,-0.0058f,0f,0f,0f,1f],start_interpolation: 0,interpolation_duration: 1}
$data merge entity $(bone_right_leg) {transformation: [-1f,0f,0f,-0.1187f,0f,0.9383f,-0.3458f,0.6938f,0f,-0.3458f,-0.9383f,0.0625f,0f,0f,0f,1f],start_interpolation: 0,interpolation_duration: 1}
$data merge entity $(bone_left_leg) {transformation: [-1f,0f,0f,0.1188f,0f,0.2343f,0.9722f,0.3f,0f,0.9722f,-0.2343f,-0.2313f,0f,0f,0f,1f],start_interpolation: 0,interpolation_duration: 1}
$data merge entity $(bone_lightcone) {transformation: [-3.7786f,-1.627f,-2.4113f,-0.0668f,-2.4402f,1.5234f,3.7627f,0.9175f,-0.1327f,18.3149f,-0.5272f,4.5476f,0f,0f,0f,1f],start_interpolation: 0,interpolation_duration: 1}