# This file was generated by Animated Java via MC-Build. It is not recommended to edit this file directly.
$data merge entity $(bone_head) {transformation: [-1f,0f,0f,0f,0f,0.887f,0.4617f,1f,0f,0.4617f,-0.887f,0f,0f,0f,0f,1f],start_interpolation: 0,interpolation_duration: 1}
$data merge entity $(bone_body) {transformation: [-1f,0f,0f,0f,0f,0.9397f,0.342f,1.0625f,0f,0.342f,-0.9397f,0f,0f,0f,0f,1f],start_interpolation: 0,interpolation_duration: 1}
$data merge entity $(bone_right_arm) {transformation: [-0.7698f,-0.6383f,0.0021f,-0.1563f,-0.5325f,0.6403f,-0.5535f,0.9375f,0.352f,-0.4272f,-0.8328f,0.1375f,0f,0f,0f,1f],start_interpolation: 0,interpolation_duration: 1}
$data merge entity $(bone_left_arm) {transformation: [-0.9801f,-0.0368f,0.1953f,0.3125f,-0.173f,0.6417f,-0.7472f,0.875f,-0.0978f,-0.766f,-0.6353f,0f,0f,0f,0f,1f],start_interpolation: 0,interpolation_duration: 1}
$data merge entity $(bone_right_leg) {transformation: [-1f,0f,0f,-0.1187f,0f,0.9397f,-0.342f,0.6875f,0f,-0.342f,-0.9397f,0.0625f,0f,0f,0f,1f],start_interpolation: 0,interpolation_duration: 1}
$data merge entity $(bone_left_leg) {transformation: [-1f,0f,0f,0.1188f,0f,0.2588f,0.9659f,0.25f,0f,0.9659f,-0.2588f,-0.25f,0f,0f,0f,1f],start_interpolation: 0,interpolation_duration: 1}
$data merge entity $(bone_lightcone) {transformation: [-3.9562f,-1.627f,-2.1074f,-0.0668f,-2.1374f,1.5234f,3.9425f,0.9175f,-0.1736f,18.3149f,-0.5151f,4.5476f,0f,0f,0f,1f],start_interpolation: 0,interpolation_duration: 1}